0 131175
1 73981
2 42250
3 55197
4 32170
5 45562
6 30375
7 46395
8 45834
9 28513
10 40382
11 24976
12 34844
13 22083
14 31679
15 20514
16 29606
17 28712
18 19203
19 28453
20 18722
21 27847
22 18601
23 27227
24 18218
25 27575
26 28518
27 18799
28 27343
29 17713
30 25299
31 16084
32 23899
33 23879
34 15179
35 22486
36 14439
37 21471
38 14144
39 21170
40 13574
41 19989
42 19460
43 12775
44 19131
45 12699
46 19032
47 12293
48 18283
49 11957
50 17632
51 17001
52 11298
53 16557
54 11087
55 15791
56 10553
57 15930
58 15557
59 10393
60 15919
61 10810
62 16288
63 10575
64 16748
65 11457
66 17534
67 19583
68 13624
69 20270
70 13680
71 19611
72 11732
73 17588
74 11573
75 17765
76 17904
77 11033
78 16266
79 10872
80 17679
81 12216
82 19385
83 23143
84 18076
85 26275
86 17507
87 29105
88 16086
89 24597
90 9076
91 5211
92 3413
93 1866
94 2010
95 904
96 865
97 350
98 298
99 198
