1000 14
2000 2
3000 3
4000 4
5000 5
6000 6
7000 6
8000 2
9000 3
10000 3
11000 7
12000 3
13000 4
14000 4
15000 3
16000 3
17000 3
18000 3
19000 3
20000 4
21000 2
22000 3
23000 3
24000 3
25000 2
26000 3
27000 3
28000 6
29000 5
30000 3
31000 4
32000 10
33000 7
34000 38
35000 6
36000 4
37000 6
38000 24
39000 5
40000 19
41000 12
42000 10
43000 14
44000 15
45000 5
46000 6
47000 5
48000 7
49000 8
50000 8
51000 6
52000 5
53000 5
54000 6
55000 5
56000 7
57000 6
58000 7
59000 7
60000 7
61000 16
62000 8
63000 29
64000 13
65000 10
66000 9
67000 11
68000 13
69000 55
70000 110
71000 11
72000 12
73000 12
74000 13
75000 15
76000 12
77000 7
78000 11
79000 11
80000 10
81000 11
82000 11
83000 10
84000 11
85000 11
86000 11
87000 11
88000 12
89000 22
90000 11
91000 11
92000 16
93000 13
94000 13
95000 12
96000 13
97000 13
98000 12
99000 16
100000 14
